5.535550000000000182e+03 6.799014925102989357e-09 1.015118161752866494e-07
5.535553389830508422e+03 7.142741788009693844e-09 1.040344029071122459e-07
5.535556779661017572e+03 7.513169413353259588e-09 1.066849084471923043e-07
5.535560169491525812e+03 7.913123766503591624e-09 1.094732639988190062e-07
5.535563559322034052e+03 8.345826146824614855e-09 1.124104484148021417e-07
5.535566949152542293e+03 8.814939938921138006e-09 1.155086267232554127e-07
5.535570338983051442e+03 9.324662247135789345e-09 1.187813245271994812e-07
5.535573728813559683e+03 9.879807414580148133e-09 1.222436062821057718e-07
5.535577118644067923e+03 1.048592403243545348e-08 1.259123192942126477e-07
5.535580508474576163e+03 1.114943119190919878e-08 1.298063394744334538e-07
5.535583898305085313e+03 1.187779028866533419e-08 1.339469080153947564e-07
5.535587288135593553e+03 1.267970957668609654e-08 1.383579843546092800e-07
5.535590677966101794e+03 1.356541114683550368e-08 1.430667135765831997e-07
5.535594067796610034e+03 1.454693907443548184e-08 1.481039526987761602e-07
5.535597457627119184e+03 1.563858596375717311e-08 1.535049240103656577e-07
5.535600847457627424e+03 1.685739449430727191e-08 1.593100105061595444e-07
5.535604237288135664e+03 1.822381934016819353e-08 1.655657063904708669e-07
5.535607627118643904e+03 1.976258787431670605e-08 1.723258121437822119e-07
5.535611016949153054e+03 2.150379794097420829e-08 1.796528984992941070e-07
5.535614406779661294e+03 2.348437463702751326e-08 1.876201219901829951e-07
5.535617796610169535e+03 2.575001385934963329e-08 1.963135098025927937e-07
5.535621186440677775e+03 2.835778179560947898e-08 2.058348464746446665e-07
5.535624576271186925e+03 3.137965733305125739e-08 2.163053301964720016e-07
5.535627966101695165e+03 3.490742295563309120e-08 2.278702548132426423e-07
5.535631355932203405e+03 3.905951383890349623e-08 2.407050385566744363e-07
5.535634745762711646e+03 4.399076298123244372e-08 2.550230414770776324e-07
5.535638135593220795e+03 4.990651043007581153e-08 2.710857237109028651e-07
5.535641525423729036e+03 5.708343273034779386e-08 2.892158818480172845e-07
5.535644915254237276e+03 6.590089898275559358e-08 3.098147946654197320e-07
5.535648305084745516e+03 7.688928629770128304e-08 3.333841495479006155e-07
5.535651694915254666e+03 9.080625314590689503e-08 3.605530481982259604e-07
5.535655084745762906e+03 1.087603005287953952e-07 3.921082497096553565e-07
5.535658474576271146e+03 1.324163847448378689e-07 4.290196008465234481e-07
5.535661864406779387e+03 1.643474696366071096e-07 4.724341307928053178e-07
5.535665254237288536e+03 2.086492602745404459e-07 5.235599581798935630e-07
5.535668644067796777e+03 2.720256356083292982e-07 5.832121198809790662e-07
5.535672033898305017e+03 3.656514896168797986e-07 6.503615660257436320e-07
5.535675423728813257e+03 5.078995091877718064e-07 7.178223646431024106e-07
5.535678813559322407e+03 7.255471432158317186e-07 7.603689798264922667e-07
5.535682203389830647e+03 1.038448956902591753e-06 7.089203270361329891e-07
5.535685593220338887e+03 1.383113652915877788e-06 4.389323069626170788e-07
5.535688983050847128e+03 1.518913922059892932e-06 -7.286275750110722012e-08
5.535692372881356278e+03 1.300304556266031740e-06 -5.374045583197746824e-07
5.535695762711864518e+03 9.478112212594738233e-07 -7.379771991538994794e-07
5.535699152542372758e+03 6.594564941494073387e-07 -7.543737535033827931e-07
5.535702542372880998e+03 4.644544139060365480e-07 -7.009791353718111008e-07
5.535705932203390148e+03 3.372621205020226152e-07 -6.322224355151290405e-07
5.535709322033898388e+03 2.530129484949513815e-07 -5.667218797209512148e-07
5.535712711864406629e+03 1.955032074170651896e-07 -5.093273699768221188e-07
5.535716101694914869e+03 1.549674306107358602e-07 -4.603356710809052233e-07
5.535719491525424019e+03 1.255294788605559594e-07 -4.187476330363105595e-07
5.535722881355932259e+03 1.035747026749198397e-07 -3.833475673066508253e-07
5.535726271186440499e+03 8.681458707068023832e-08 -3.530305228410430674e-07
5.535729661016948739e+03 7.375686891334388858e-08 -3.268762116555949706e-07
5.535733050847457889e+03 6.340092667036906817e-08 -3.041421956506452256e-07
5.535736440677966129e+03 5.505836943356343342e-08 -2.842357141092961285e-07
5.535739830508474370e+03 4.824446210942295879e-08 -2.666838587599803756e-07
5.535743220338982610e+03 4.261064261609096455e-08 -2.511078789902711504e-07
5.535746610169491760e+03 3.790149336742969538e-08 -2.372025700619975295e-07
5.535750000000000000e+03 3.392662697425845056e-08 -2.247202502767063643e-07
